strict <-      c()
str_precise <- c()

majority <-    c()
maj_precise <- c(112091, 113055, 127717, 142945, 116002)

combined <-         c(6527, 7409, 6190, 5018, 5048)
combined_precise <- c(4317, 5777, 3826, 5931, 6742)
